{
  "datasets": [
    {
      "id": "omat24",
      "dataset": "OMat24",
      "metric": "\u221aJSD(CKNNA) at k=25 (paper eqs A9\u2013A12)",
      "n": 30,
      "points": [
        {
          "modelName": "mace_mp0_large_equivariant",
          "label": "MACE MP Large Equivariant",
          "family": "MACE",
          "corpus": "mp",
          "sizeM": 15.8,
          "numParams": 15847440,
          "slug": "mace-mp-0"
        },
        {
          "modelName": "mace_mp0_large_invariant",
          "label": "MACE MP Large",
          "family": "MACE",
          "corpus": "mp",
          "sizeM": 15.8,
          "numParams": 15847440,
          "slug": "mace-mp-0"
        },
        {
          "modelName": "mace_mp0_medium_equivariant",
          "label": "MACE MP Medium Equivariant",
          "family": "MACE",
          "corpus": "mp",
          "sizeM": 1.4,
          "numParams": 1428368,
          "slug": "mace-mp-0"
        },
        {
          "modelName": "mace_mp0_medium_invariant",
          "label": "MACE MP Medium",
          "family": "MACE",
          "corpus": "mp",
          "sizeM": 1.4,
          "numParams": 1428368,
          "slug": "mace-mp-0"
        },
        {
          "modelName": "mace_mp0_small_equivariant",
          "label": "MACE MP Small",
          "family": "MACE",
          "corpus": "mp",
          "sizeM": 3.8,
          "numParams": 3847696,
          "slug": "mace-mp-0"
        },
        {
          "modelName": "mace_mp0_small_invariant",
          "label": "mace_mp0_small_invariant",
          "family": "MACE",
          "corpus": "mp",
          "sizeM": 5.0,
          "numParams": null,
          "slug": "mace-mp-0"
        },
        {
          "modelName": "orb_v3_conservative_20_mpa",
          "label": "Orb V3 MPA Conservative 20",
          "family": "ORB",
          "corpus": "mp",
          "sizeM": 25.5,
          "numParams": 25510582,
          "slug": "orb-v3"
        },
        {
          "modelName": "orb_v3_conservative_20_omat",
          "label": "Orb V3 OMat Conservative 20",
          "family": "ORB",
          "corpus": "omat",
          "sizeM": 25.5,
          "numParams": 25510582,
          "slug": "orb-v3"
        },
        {
          "modelName": "orb_v3_conservative_inf_mpa",
          "label": "Orb V3 MPA Conservative Inf",
          "family": "ORB",
          "corpus": "mp",
          "sizeM": 25.5,
          "numParams": 25510582,
          "slug": "orb-v3"
        },
        {
          "modelName": "orb_v3_conservative_inf_omat",
          "label": "Orb V3 OMat Conservative Inf",
          "family": "ORB",
          "corpus": "omat",
          "sizeM": 25.5,
          "numParams": 25510582,
          "slug": "orb-v3"
        },
        {
          "modelName": "orb_v3_direct_20_mpa",
          "label": "Orb V3 MPA Direct 20",
          "family": "ORB",
          "corpus": "mp",
          "sizeM": 25.6,
          "numParams": 25644479,
          "slug": "orb-v3"
        },
        {
          "modelName": "orb_v3_direct_20_omat",
          "label": "Orb V3 OMat Direct 20",
          "family": "ORB",
          "corpus": "omat",
          "sizeM": 25.6,
          "numParams": 25644479,
          "slug": "orb-v3"
        },
        {
          "modelName": "orb_v3_direct_inf_mpa",
          "label": "Orb V3 MPA Direct Inf",
          "family": "ORB",
          "corpus": "mp",
          "sizeM": 25.6,
          "numParams": 25644479,
          "slug": "orb-v3"
        },
        {
          "modelName": "orb_v3_direct_inf_omat",
          "label": "Orb V3 OMat Direct Inf",
          "family": "ORB",
          "corpus": "omat",
          "sizeM": 25.6,
          "numParams": 25644479,
          "slug": "orb-v3"
        },
        {
          "modelName": "orbv2",
          "label": "Orb V2",
          "family": "ORB",
          "corpus": "mp",
          "sizeM": 25.2,
          "numParams": 25161727,
          "slug": "orb-v2"
        },
        {
          "modelName": "uma-m-1p1",
          "label": "UMA Medium",
          "family": "UMA",
          "corpus": "omat",
          "sizeM": 1396.7,
          "numParams": 1396669089,
          "slug": "uma"
        },
        {
          "modelName": "uma-s-1p1",
          "label": "UMA Small",
          "family": "UMA",
          "corpus": "omat",
          "sizeM": 146.6,
          "numParams": 146566817,
          "slug": "uma"
        },
        {
          "modelName": "esen_30m_mptrj",
          "label": "ESEN MP",
          "family": "eSEN",
          "corpus": "mp",
          "sizeM": 30.1,
          "numParams": 30086018,
          "slug": "esen"
        },
        {
          "modelName": "esen_30m_oam",
          "label": "ESEN OMPA",
          "family": "eSEN",
          "corpus": "omat",
          "sizeM": 30.2,
          "numParams": 30161153,
          "slug": "esen"
        },
        {
          "modelName": "esen_30m_omat",
          "label": "ESEN OMat",
          "family": "eSEN",
          "corpus": "omat",
          "sizeM": 30.2,
          "numParams": 30161410,
          "slug": "esen"
        },
        {
          "modelName": "eqV2_153M_omat",
          "label": "EqV2 OMat Large",
          "family": "eqV2",
          "corpus": "omat",
          "sizeM": 153.8,
          "numParams": 153769868,
          "slug": "equiformer-v2"
        },
        {
          "modelName": "eqV2_153M_omat_mp_salex",
          "label": "EqV2 OMPA Large",
          "family": "eqV2",
          "corpus": "omat",
          "sizeM": 153.8,
          "numParams": 153769868,
          "slug": "equiformer-v2"
        },
        {
          "modelName": "eqV2_31M_mp",
          "label": "EqV2 MP Small",
          "family": "eqV2",
          "corpus": "mp",
          "sizeM": 31.2,
          "numParams": 31207434,
          "slug": "equiformer-v2"
        },
        {
          "modelName": "eqV2_31M_omat",
          "label": "EqV2 OMat Small",
          "family": "eqV2",
          "corpus": "omat",
          "sizeM": 31.2,
          "numParams": 31207434,
          "slug": "equiformer-v2"
        },
        {
          "modelName": "eqV2_31M_omat_mp_salex",
          "label": "EqV2 OMPA Small",
          "family": "eqV2",
          "corpus": "omat",
          "sizeM": 31.2,
          "numParams": 31207434,
          "slug": "equiformer-v2"
        },
        {
          "modelName": "eqV2_86M_omat",
          "label": "EqV2 OMat Medium",
          "family": "eqV2",
          "corpus": "omat",
          "sizeM": 86.6,
          "numParams": 86589068,
          "slug": "equiformer-v2"
        },
        {
          "modelName": "eqV2_86M_omat_mp_salex",
          "label": "EqV2 OMPA Medium",
          "family": "eqV2",
          "corpus": "omat",
          "sizeM": 86.6,
          "numParams": 86589068,
          "slug": "equiformer-v2"
        },
        {
          "modelName": "eqV2_dens_153M_mp",
          "label": "EqV2 Dens MP Large",
          "family": "eqV2",
          "corpus": "mp",
          "sizeM": 160.7,
          "numParams": 160673293,
          "slug": "equiformer-v2"
        },
        {
          "modelName": "eqV2_dens_31M_mp",
          "label": "EqV2 Dens MP Small",
          "family": "eqV2",
          "corpus": "mp",
          "sizeM": 34.3,
          "numParams": 34339083,
          "slug": "equiformer-v2"
        },
        {
          "modelName": "eqV2_dens_86M_mp",
          "label": "EqV2 Dens MP Medium",
          "family": "eqV2",
          "corpus": "mp",
          "sizeM": 94.0,
          "numParams": 94033933,
          "slug": "equiformer-v2"
        }
      ],
      "labels": [
        "MACE MP Large Equivariant",
        "MACE MP Large",
        "MACE MP Medium Equivariant",
        "MACE MP Medium",
        "MACE MP Small",
        "mace_mp0_small_invariant",
        "Orb V3 MPA Conservative 20",
        "Orb V3 OMat Conservative 20",
        "Orb V3 MPA Conservative Inf",
        "Orb V3 OMat Conservative Inf",
        "Orb V3 MPA Direct 20",
        "Orb V3 OMat Direct 20",
        "Orb V3 MPA Direct Inf",
        "Orb V3 OMat Direct Inf",
        "Orb V2",
        "UMA Medium",
        "UMA Small",
        "ESEN MP",
        "ESEN OMPA",
        "ESEN OMat",
        "EqV2 OMat Large",
        "EqV2 OMPA Large",
        "EqV2 MP Small",
        "EqV2 OMat Small",
        "EqV2 OMPA Small",
        "EqV2 OMat Medium",
        "EqV2 OMPA Medium",
        "EqV2 Dens MP Large",
        "EqV2 Dens MP Small",
        "EqV2 Dens MP Medium"
      ],
      "matrix": [
        [
          0.0,
          0.00243,
          0.16596,
          0.16585,
          0.17188,
          0.17188,
          0.37032,
          0.3715,
          0.3651,
          0.36711,
          0.40348,
          0.41458,
          0.40131,
          0.41275,
          0.40831,
          0.41835,
          0.41126,
          0.36788,
          0.37416,
          0.39444,
          0.37823,
          0.37447,
          0.32042,
          0.38439,
          0.38581,
          0.37949,
          0.3784,
          0.37525,
          0.3442,
          0.37089
        ],
        [
          0.00243,
          0.0,
          0.16606,
          0.16594,
          0.17195,
          0.17195,
          0.37042,
          0.37161,
          0.36521,
          0.36722,
          0.4036,
          0.41471,
          0.40143,
          0.41288,
          0.4084,
          0.41832,
          0.41124,
          0.36786,
          0.37412,
          0.39441,
          0.3782,
          0.37443,
          0.3204,
          0.38436,
          0.38578,
          0.37946,
          0.37836,
          0.37525,
          0.34421,
          0.3709
        ],
        [
          0.16596,
          0.16606,
          0.0,
          0.00525,
          0.10883,
          0.10883,
          0.36267,
          0.36379,
          0.35726,
          0.35914,
          0.39825,
          0.4096,
          0.39604,
          0.40772,
          0.4047,
          0.41831,
          0.41112,
          0.36384,
          0.37121,
          0.39368,
          0.37641,
          0.37231,
          0.31381,
          0.38262,
          0.38368,
          0.37773,
          0.37619,
          0.37163,
          0.33949,
          0.36719
        ],
        [
          0.16585,
          0.16594,
          0.00525,
          0.0,
          0.10892,
          0.10892,
          0.36305,
          0.36416,
          0.35763,
          0.35952,
          0.39873,
          0.41007,
          0.39651,
          0.40819,
          0.40512,
          0.4185,
          0.41132,
          0.36402,
          0.37137,
          0.39389,
          0.3766,
          0.37249,
          0.31395,
          0.38282,
          0.38387,
          0.37792,
          0.37638,
          0.37181,
          0.33969,
          0.36737
        ],
        [
          0.17188,
          0.17195,
          0.10883,
          0.10892,
          0.0,
          0.00093,
          0.35816,
          0.35915,
          0.35271,
          0.35447,
          0.39505,
          0.40636,
          0.39279,
          0.40443,
          0.40231,
          0.41822,
          0.41068,
          0.36655,
          0.37363,
          0.39276,
          0.37506,
          0.37147,
          0.31583,
          0.38144,
          0.38289,
          0.37641,
          0.37531,
          0.37284,
          0.34034,
          0.36852
        ],
        [
          0.17188,
          0.17195,
          0.10883,
          0.10892,
          0.00093,
          0.0,
          0.35816,
          0.35915,
          0.35271,
          0.35447,
          0.39505,
          0.40636,
          0.39279,
          0.40443,
          0.4023,
          0.41822,
          0.41068,
          0.36655,
          0.37363,
          0.39276,
          0.37506,
          0.37147,
          0.31583,
          0.38144,
          0.38289,
          0.37641,
          0.37531,
          0.37284,
          0.34034,
          0.36852
        ],
        [
          0.37032,
          0.37042,
          0.36267,
          0.36305,
          0.35816,
          0.35816,
          0.0,
          0.03759,
          0.05193,
          0.05818,
          0.14823,
          0.16086,
          0.14711,
          0.15982,
          0.21331,
          0.33366,
          0.31762,
          0.29768,
          0.31131,
          0.27803,
          0.26535,
          0.27841,
          0.28343,
          0.26962,
          0.28305,
          0.26881,
          0.28158,
          0.28128,
          0.2602,
          0.27935
        ],
        [
          0.3715,
          0.37161,
          0.36379,
          0.36416,
          0.35915,
          0.35915,
          0.03759,
          0.0,
          0.05853,
          0.05669,
          0.15315,
          0.16334,
          0.15191,
          0.16216,
          0.21923,
          0.33893,
          0.32256,
          0.30349,
          0.31734,
          0.28465,
          0.27292,
          0.28594,
          0.28988,
          0.27725,
          0.29059,
          0.27636,
          0.28904,
          0.28819,
          0.26689,
          0.28619
        ],
        [
          0.3651,
          0.36521,
          0.35726,
          0.35763,
          0.35271,
          0.35271,
          0.05193,
          0.05853,
          0.0,
          0.036,
          0.15049,
          0.16366,
          0.14882,
          0.16214,
          0.21421,
          0.33235,
          0.3163,
          0.2956,
          0.30895,
          0.27632,
          0.26318,
          0.27614,
          0.28029,
          0.26762,
          0.28106,
          0.26661,
          0.27934,
          0.27999,
          0.25821,
          0.27804
        ],
        [
          0.36711,
          0.36722,
          0.35914,
          0.35952,
          0.35447,
          0.35447,
          0.05818,
          0.05669,
          0.036,
          0.0,
          0.1549,
          0.16567,
          0.15314,
          0.16406,
          0.21949,
          0.33728,
          0.32099,
          0.30125,
          0.31489,
          0.28262,
          0.27031,
          0.28322,
          0.28663,
          0.27481,
          0.28811,
          0.27373,
          0.28634,
          0.28639,
          0.26456,
          0.28437
        ],
        [
          0.40348,
          0.4036,
          0.39825,
          0.39873,
          0.39505,
          0.39505,
          0.14823,
          0.15315,
          0.15049,
          0.1549,
          0.0,
          0.05674,
          0.05771,
          0.07178,
          0.17913,
          0.34336,
          0.32873,
          0.31102,
          0.32671,
          0.29158,
          0.27696,
          0.2877,
          0.29723,
          0.27653,
          0.28899,
          0.27965,
          0.29068,
          0.28601,
          0.2743,
          0.28514
        ],
        [
          0.41458,
          0.41471,
          0.4096,
          0.41007,
          0.40636,
          0.40636,
          0.16086,
          0.16334,
          0.16366,
          0.16567,
          0.05674,
          0.0,
          0.07253,
          0.06282,
          0.1883,
          0.35382,
          0.3392,
          0.3234,
          0.33957,
          0.30435,
          0.29086,
          0.30201,
          0.3113,
          0.2904,
          0.30297,
          0.29355,
          0.30487,
          0.29821,
          0.28774,
          0.29731
        ],
        [
          0.40131,
          0.40143,
          0.39604,
          0.39651,
          0.39279,
          0.39279,
          0.14711,
          0.15191,
          0.14882,
          0.15314,
          0.05771,
          0.07253,
          0.0,
          0.0563,
          0.18029,
          0.3436,
          0.32865,
          0.31107,
          0.32664,
          0.29161,
          0.27719,
          0.28799,
          0.29715,
          0.27692,
          0.28944,
          0.27987,
          0.29098,
          0.28682,
          0.27447,
          0.28585
        ],
        [
          0.41275,
          0.41288,
          0.40772,
          0.40819,
          0.40443,
          0.40443,
          0.15982,
          0.16216,
          0.16214,
          0.16406,
          0.07178,
          0.06282,
          0.0563,
          0.0,
          0.18861,
          0.35348,
          0.33864,
          0.32315,
          0.33913,
          0.30384,
          0.29051,
          0.30169,
          0.3109,
          0.29018,
          0.30282,
          0.29318,
          0.30456,
          0.29848,
          0.28748,
          0.29752
        ],
        [
          0.40831,
          0.4084,
          0.4047,
          0.40512,
          0.40231,
          0.4023,
          0.21331,
          0.21923,
          0.21421,
          0.21949,
          0.17913,
          0.1883,
          0.18029,
          0.18861,
          0.0,
          0.34461,
          0.33377,
          0.31549,
          0.3287,
          0.29864,
          0.28205,
          0.28713,
          0.29382,
          0.28087,
          0.28829,
          0.28392,
          0.28985,
          0.28531,
          0.2808,
          0.28533
        ],
        [
          0.41835,
          0.41832,
          0.41831,
          0.4185,
          0.41822,
          0.41822,
          0.33366,
          0.33893,
          0.33235,
          0.33728,
          0.34336,
          0.35382,
          0.3436,
          0.35348,
          0.34461,
          0.0,
          0.18409,
          0.3107,
          0.2845,
          0.20963,
          0.25327,
          0.27286,
          0.30588,
          0.25576,
          0.27857,
          0.25478,
          0.27791,
          0.31012,
          0.30287,
          0.31105
        ],
        [
          0.41126,
          0.41124,
          0.41112,
          0.41132,
          0.41068,
          0.41068,
          0.31762,
          0.32256,
          0.3163,
          0.32099,
          0.32873,
          0.3392,
          0.32865,
          0.33864,
          0.33377,
          0.18409,
          0.0,
          0.30833,
          0.28566,
          0.21104,
          0.25789,
          0.27807,
          0.3071,
          0.25951,
          0.28295,
          0.25938,
          0.28281,
          0.31068,
          0.30111,
          0.31077
        ],
        [
          0.36788,
          0.36786,
          0.36384,
          0.36402,
          0.36655,
          0.36655,
          0.29768,
          0.30349,
          0.2956,
          0.30125,
          0.31102,
          0.3234,
          0.31107,
          0.32315,
          0.31549,
          0.3107,
          0.30833,
          0.0,
          0.16046,
          0.24719,
          0.24067,
          0.23712,
          0.1918,
          0.24049,
          0.24042,
          0.24348,
          0.24206,
          0.19023,
          0.18274,
          0.19379
        ],
        [
          0.37416,
          0.37412,
          0.37121,
          0.37137,
          0.37363,
          0.37363,
          0.31131,
          0.31734,
          0.30895,
          0.31489,
          0.32671,
          0.33957,
          0.32664,
          0.33913,
          0.3287,
          0.2845,
          0.28566,
          0.16046,
          0.0,
          0.20142,
          0.21816,
          0.21936,
          0.20897,
          0.21765,
          0.22275,
          0.22018,
          0.22414,
          0.222,
          0.21297,
          0.22578
        ],
        [
          0.39444,
          0.39441,
          0.39368,
          0.39389,
          0.39276,
          0.39276,
          0.27803,
          0.28465,
          0.27632,
          0.28262,
          0.29158,
          0.30435,
          0.29161,
          0.30384,
          0.29864,
          0.20963,
          0.21104,
          0.24719,
          0.20142,
          0.0,
          0.15524,
          0.19035,
          0.24811,
          0.15492,
          0.19308,
          0.15724,
          0.19564,
          0.25217,
          0.24174,
          0.25491
        ],
        [
          0.37823,
          0.3782,
          0.37641,
          0.3766,
          0.37506,
          0.37506,
          0.26535,
          0.27292,
          0.26318,
          0.27031,
          0.27696,
          0.29086,
          0.27719,
          0.29051,
          0.28205,
          0.25327,
          0.25789,
          0.24067,
          0.21816,
          0.15524,
          0.0,
          0.10735,
          0.20278,
          0.06131,
          0.11632,
          0.04417,
          0.11382,
          0.2177,
          0.20929,
          0.22171
        ],
        [
          0.37447,
          0.37443,
          0.37231,
          0.37249,
          0.37147,
          0.37147,
          0.27841,
          0.28594,
          0.27614,
          0.28322,
          0.2877,
          0.30201,
          0.28799,
          0.30169,
          0.28713,
          0.27286,
          0.27807,
          0.23712,
          0.21936,
          0.19035,
          0.10735,
          0.0,
          0.19272,
          0.11165,
          0.06413,
          0.10945,
          0.053,
          0.21377,
          0.20855,
          0.21837
        ],
        [
          0.32042,
          0.3204,
          0.31381,
          0.31395,
          0.31583,
          0.31583,
          0.28343,
          0.28988,
          0.28029,
          0.28663,
          0.29723,
          0.3113,
          0.29715,
          0.3109,
          0.29382,
          0.30588,
          0.3071,
          0.1918,
          0.20897,
          0.24811,
          0.20278,
          0.19272,
          0.0,
          0.20405,
          0.19924,
          0.20494,
          0.19782,
          0.15064,
          0.13978,
          0.15365
        ],
        [
          0.38439,
          0.38436,
          0.38262,
          0.38282,
          0.38144,
          0.38144,
          0.26962,
          0.27725,
          0.26762,
          0.27481,
          0.27653,
          0.2904,
          0.27692,
          0.29018,
          0.28087,
          0.25576,
          0.25951,
          0.24049,
          0.21765,
          0.15492,
          0.06131,
          0.11165,
          0.20405,
          0.0,
          0.10612,
          0.05631,
          0.11419,
          0.21657,
          0.21032,
          0.22087
        ],
        [
          0.38581,
          0.38578,
          0.38368,
          0.38387,
          0.38289,
          0.38289,
          0.28305,
          0.29059,
          0.28106,
          0.28811,
          0.28899,
          0.30297,
          0.28944,
          0.30282,
          0.28829,
          0.27857,
          0.28295,
          0.24042,
          0.22275,
          0.19308,
          0.11632,
          0.06413,
          0.19924,
          0.10612,
          0.0,
          0.11458,
          0.05913,
          0.2162,
          0.21322,
          0.22101
        ],
        [
          0.37949,
          0.37946,
          0.37773,
          0.37792,
          0.37641,
          0.37641,
          0.26881,
          0.27636,
          0.26661,
          0.27373,
          0.27965,
          0.29355,
          0.27987,
          0.29318,
          0.28392,
          0.25478,
          0.25938,
          0.24348,
          0.22018,
          0.15724,
          0.04417,
          0.10945,
          0.20494,
          0.05631,
          0.11458,
          0.0,
          0.11009,
          0.22092,
          0.21287,
          0.22502
        ],
        [
          0.3784,
          0.37836,
          0.37619,
          0.37638,
          0.37531,
          0.37531,
          0.28158,
          0.28904,
          0.27934,
          0.28634,
          0.29068,
          0.30487,
          0.29098,
          0.30456,
          0.28985,
          0.27791,
          0.28281,
          0.24206,
          0.22414,
          0.19564,
          0.11382,
          0.053,
          0.19782,
          0.11419,
          0.05913,
          0.11009,
          0.0,
          0.21914,
          0.21422,
          0.22365
        ],
        [
          0.37525,
          0.37525,
          0.37163,
          0.37181,
          0.37284,
          0.37284,
          0.28128,
          0.28819,
          0.27999,
          0.28639,
          0.28601,
          0.29821,
          0.28682,
          0.29848,
          0.28531,
          0.31012,
          0.31068,
          0.19023,
          0.222,
          0.25217,
          0.2177,
          0.21377,
          0.15064,
          0.21657,
          0.2162,
          0.22092,
          0.21914,
          0.0,
          0.12251,
          0.09394
        ],
        [
          0.3442,
          0.34421,
          0.33949,
          0.33969,
          0.34034,
          0.34034,
          0.2602,
          0.26689,
          0.25821,
          0.26456,
          0.2743,
          0.28774,
          0.27447,
          0.28748,
          0.2808,
          0.30287,
          0.30111,
          0.18274,
          0.21297,
          0.24174,
          0.20929,
          0.20855,
          0.13978,
          0.21032,
          0.21322,
          0.21287,
          0.21422,
          0.12251,
          0.0,
          0.11572
        ],
        [
          0.37089,
          0.3709,
          0.36719,
          0.36737,
          0.36852,
          0.36852,
          0.27935,
          0.28619,
          0.27804,
          0.28437,
          0.28514,
          0.29731,
          0.28585,
          0.29752,
          0.28533,
          0.31105,
          0.31077,
          0.19379,
          0.22578,
          0.25491,
          0.22171,
          0.21837,
          0.15365,
          0.22087,
          0.22101,
          0.22502,
          0.22365,
          0.09394,
          0.11572,
          0.0
        ]
      ]
    },
    {
      "id": "omol25",
      "dataset": "OMol25",
      "metric": "\u221aJSD(CKNNA) at k=25 (paper eqs A9\u2013A12)",
      "n": 30,
      "points": [
        {
          "modelName": "mace_mp0_large_equivariant",
          "label": "MACE MP Large Equivariant",
          "family": "MACE",
          "corpus": "mp",
          "sizeM": 15.8,
          "numParams": 15847440,
          "slug": "mace-mp-0"
        },
        {
          "modelName": "mace_mp0_large_invariant",
          "label": "MACE MP Large",
          "family": "MACE",
          "corpus": "mp",
          "sizeM": 15.8,
          "numParams": 15847440,
          "slug": "mace-mp-0"
        },
        {
          "modelName": "mace_mp0_medium_equivariant",
          "label": "MACE MP Medium Equivariant",
          "family": "MACE",
          "corpus": "mp",
          "sizeM": 1.4,
          "numParams": 1428368,
          "slug": "mace-mp-0"
        },
        {
          "modelName": "mace_mp0_medium_invariant",
          "label": "MACE MP Medium",
          "family": "MACE",
          "corpus": "mp",
          "sizeM": 1.4,
          "numParams": 1428368,
          "slug": "mace-mp-0"
        },
        {
          "modelName": "mace_mp0_small_equivariant",
          "label": "MACE MP Small",
          "family": "MACE",
          "corpus": "mp",
          "sizeM": 3.8,
          "numParams": 3847696,
          "slug": "mace-mp-0"
        },
        {
          "modelName": "mace_mp0_small_invariant",
          "label": "mace_mp0_small_invariant",
          "family": "MACE",
          "corpus": "mp",
          "sizeM": 5.0,
          "numParams": null,
          "slug": "mace-mp-0"
        },
        {
          "modelName": "orb_v3_conservative_20_mpa",
          "label": "Orb V3 MPA Conservative 20",
          "family": "ORB",
          "corpus": "mp",
          "sizeM": 25.5,
          "numParams": 25510582,
          "slug": "orb-v3"
        },
        {
          "modelName": "orb_v3_conservative_20_omat",
          "label": "Orb V3 OMat Conservative 20",
          "family": "ORB",
          "corpus": "omat",
          "sizeM": 25.5,
          "numParams": 25510582,
          "slug": "orb-v3"
        },
        {
          "modelName": "orb_v3_conservative_inf_mpa",
          "label": "Orb V3 MPA Conservative Inf",
          "family": "ORB",
          "corpus": "mp",
          "sizeM": 25.5,
          "numParams": 25510582,
          "slug": "orb-v3"
        },
        {
          "modelName": "orb_v3_conservative_inf_omat",
          "label": "Orb V3 OMat Conservative Inf",
          "family": "ORB",
          "corpus": "omat",
          "sizeM": 25.5,
          "numParams": 25510582,
          "slug": "orb-v3"
        },
        {
          "modelName": "orb_v3_direct_20_mpa",
          "label": "Orb V3 MPA Direct 20",
          "family": "ORB",
          "corpus": "mp",
          "sizeM": 25.6,
          "numParams": 25644479,
          "slug": "orb-v3"
        },
        {
          "modelName": "orb_v3_direct_20_omat",
          "label": "Orb V3 OMat Direct 20",
          "family": "ORB",
          "corpus": "omat",
          "sizeM": 25.6,
          "numParams": 25644479,
          "slug": "orb-v3"
        },
        {
          "modelName": "orb_v3_direct_inf_mpa",
          "label": "Orb V3 MPA Direct Inf",
          "family": "ORB",
          "corpus": "mp",
          "sizeM": 25.6,
          "numParams": 25644479,
          "slug": "orb-v3"
        },
        {
          "modelName": "orb_v3_direct_inf_omat",
          "label": "Orb V3 OMat Direct Inf",
          "family": "ORB",
          "corpus": "omat",
          "sizeM": 25.6,
          "numParams": 25644479,
          "slug": "orb-v3"
        },
        {
          "modelName": "orbv2",
          "label": "Orb V2",
          "family": "ORB",
          "corpus": "mp",
          "sizeM": 25.2,
          "numParams": 25161727,
          "slug": "orb-v2"
        },
        {
          "modelName": "uma-m-1p1",
          "label": "UMA Medium",
          "family": "UMA",
          "corpus": "omat",
          "sizeM": 1396.7,
          "numParams": 1396669089,
          "slug": "uma"
        },
        {
          "modelName": "uma-s-1p1",
          "label": "UMA Small",
          "family": "UMA",
          "corpus": "omat",
          "sizeM": 146.6,
          "numParams": 146566817,
          "slug": "uma"
        },
        {
          "modelName": "esen_30m_mptrj",
          "label": "ESEN MP",
          "family": "eSEN",
          "corpus": "mp",
          "sizeM": 30.1,
          "numParams": 30086018,
          "slug": "esen"
        },
        {
          "modelName": "esen_30m_oam",
          "label": "ESEN OMPA",
          "family": "eSEN",
          "corpus": "omat",
          "sizeM": 30.2,
          "numParams": 30161153,
          "slug": "esen"
        },
        {
          "modelName": "esen_30m_omat",
          "label": "ESEN OMat",
          "family": "eSEN",
          "corpus": "omat",
          "sizeM": 30.2,
          "numParams": 30161410,
          "slug": "esen"
        },
        {
          "modelName": "eqV2_153M_omat",
          "label": "EqV2 OMat Large",
          "family": "eqV2",
          "corpus": "omat",
          "sizeM": 153.8,
          "numParams": 153769868,
          "slug": "equiformer-v2"
        },
        {
          "modelName": "eqV2_153M_omat_mp_salex",
          "label": "EqV2 OMPA Large",
          "family": "eqV2",
          "corpus": "omat",
          "sizeM": 153.8,
          "numParams": 153769868,
          "slug": "equiformer-v2"
        },
        {
          "modelName": "eqV2_31M_mp",
          "label": "EqV2 MP Small",
          "family": "eqV2",
          "corpus": "mp",
          "sizeM": 31.2,
          "numParams": 31207434,
          "slug": "equiformer-v2"
        },
        {
          "modelName": "eqV2_31M_omat",
          "label": "EqV2 OMat Small",
          "family": "eqV2",
          "corpus": "omat",
          "sizeM": 31.2,
          "numParams": 31207434,
          "slug": "equiformer-v2"
        },
        {
          "modelName": "eqV2_31M_omat_mp_salex",
          "label": "EqV2 OMPA Small",
          "family": "eqV2",
          "corpus": "omat",
          "sizeM": 31.2,
          "numParams": 31207434,
          "slug": "equiformer-v2"
        },
        {
          "modelName": "eqV2_86M_omat",
          "label": "EqV2 OMat Medium",
          "family": "eqV2",
          "corpus": "omat",
          "sizeM": 86.6,
          "numParams": 86589068,
          "slug": "equiformer-v2"
        },
        {
          "modelName": "eqV2_86M_omat_mp_salex",
          "label": "EqV2 OMPA Medium",
          "family": "eqV2",
          "corpus": "omat",
          "sizeM": 86.6,
          "numParams": 86589068,
          "slug": "equiformer-v2"
        },
        {
          "modelName": "eqV2_dens_153M_mp",
          "label": "EqV2 Dens MP Large",
          "family": "eqV2",
          "corpus": "mp",
          "sizeM": 160.7,
          "numParams": 160673293,
          "slug": "equiformer-v2"
        },
        {
          "modelName": "eqV2_dens_31M_mp",
          "label": "EqV2 Dens MP Small",
          "family": "eqV2",
          "corpus": "mp",
          "sizeM": 34.3,
          "numParams": 34339083,
          "slug": "equiformer-v2"
        },
        {
          "modelName": "eqV2_dens_86M_mp",
          "label": "EqV2 Dens MP Medium",
          "family": "eqV2",
          "corpus": "mp",
          "sizeM": 94.0,
          "numParams": 94033933,
          "slug": "equiformer-v2"
        }
      ],
      "labels": [
        "MACE MP Large Equivariant",
        "MACE MP Large",
        "MACE MP Medium Equivariant",
        "MACE MP Medium",
        "MACE MP Small",
        "mace_mp0_small_invariant",
        "Orb V3 MPA Conservative 20",
        "Orb V3 OMat Conservative 20",
        "Orb V3 MPA Conservative Inf",
        "Orb V3 OMat Conservative Inf",
        "Orb V3 MPA Direct 20",
        "Orb V3 OMat Direct 20",
        "Orb V3 MPA Direct Inf",
        "Orb V3 OMat Direct Inf",
        "Orb V2",
        "UMA Medium",
        "UMA Small",
        "ESEN MP",
        "ESEN OMPA",
        "ESEN OMat",
        "EqV2 OMat Large",
        "EqV2 OMPA Large",
        "EqV2 MP Small",
        "EqV2 OMat Small",
        "EqV2 OMPA Small",
        "EqV2 OMat Medium",
        "EqV2 OMPA Medium",
        "EqV2 Dens MP Large",
        "EqV2 Dens MP Small",
        "EqV2 Dens MP Medium"
      ],
      "matrix": [
        [
          0.0,
          0.0303,
          0.13544,
          0.13272,
          0.16253,
          0.16253,
          0.24706,
          0.24182,
          0.24914,
          0.24112,
          0.33809,
          0.33119,
          0.3413,
          0.33424,
          0.31942,
          0.32138,
          0.29771,
          0.28679,
          0.28859,
          0.30267,
          0.36792,
          0.37037,
          0.33189,
          0.34822,
          0.37875,
          0.36422,
          0.3812,
          0.35912,
          0.33843,
          0.35119
        ],
        [
          0.0303,
          0.0,
          0.14109,
          0.13338,
          0.16182,
          0.16182,
          0.24952,
          0.24408,
          0.25154,
          0.24327,
          0.34267,
          0.33607,
          0.34602,
          0.33898,
          0.32223,
          0.31947,
          0.29577,
          0.2853,
          0.28636,
          0.30097,
          0.36673,
          0.36916,
          0.3307,
          0.34716,
          0.37764,
          0.36305,
          0.38001,
          0.35811,
          0.3377,
          0.35023
        ],
        [
          0.13544,
          0.14109,
          0.0,
          0.05241,
          0.14398,
          0.14398,
          0.24185,
          0.23572,
          0.24396,
          0.23521,
          0.33193,
          0.32431,
          0.33471,
          0.32752,
          0.31535,
          0.32189,
          0.29853,
          0.2867,
          0.28845,
          0.30209,
          0.3697,
          0.37266,
          0.33501,
          0.34957,
          0.38061,
          0.36583,
          0.38323,
          0.36125,
          0.33995,
          0.35346
        ],
        [
          0.13272,
          0.13338,
          0.05241,
          0.0,
          0.13596,
          0.13596,
          0.24464,
          0.23802,
          0.24664,
          0.23726,
          0.3397,
          0.33248,
          0.34271,
          0.33548,
          0.32015,
          0.31833,
          0.29467,
          0.28351,
          0.28389,
          0.29861,
          0.36801,
          0.37105,
          0.33329,
          0.34792,
          0.37915,
          0.36407,
          0.38169,
          0.35998,
          0.33897,
          0.35225
        ],
        [
          0.16253,
          0.16182,
          0.14398,
          0.13596,
          0.0,
          0.00093,
          0.2424,
          0.23416,
          0.2445,
          0.23379,
          0.33861,
          0.33041,
          0.34084,
          0.33329,
          0.32096,
          0.34098,
          0.31815,
          0.30327,
          0.31014,
          0.32124,
          0.38409,
          0.38624,
          0.34972,
          0.36433,
          0.39338,
          0.38033,
          0.39638,
          0.37327,
          0.35176,
          0.36521
        ],
        [
          0.16253,
          0.16182,
          0.14398,
          0.13596,
          0.00093,
          0.0,
          0.2424,
          0.23416,
          0.2445,
          0.23379,
          0.33861,
          0.33041,
          0.34084,
          0.3333,
          0.32097,
          0.34098,
          0.31815,
          0.30327,
          0.31014,
          0.32124,
          0.38409,
          0.38624,
          0.34972,
          0.36433,
          0.39338,
          0.38033,
          0.39638,
          0.37327,
          0.35176,
          0.36522
        ],
        [
          0.24706,
          0.24952,
          0.24185,
          0.24464,
          0.2424,
          0.2424,
          0.0,
          0.05284,
          0.07755,
          0.08327,
          0.22727,
          0.20951,
          0.22757,
          0.21511,
          0.24107,
          0.29155,
          0.26953,
          0.25643,
          0.26613,
          0.25847,
          0.31442,
          0.31772,
          0.28465,
          0.28924,
          0.32159,
          0.30768,
          0.32474,
          0.29975,
          0.2746,
          0.29019
        ],
        [
          0.24182,
          0.24408,
          0.23572,
          0.23802,
          0.23416,
          0.23416,
          0.05284,
          0.0,
          0.08368,
          0.07889,
          0.2357,
          0.21768,
          0.23531,
          0.22251,
          0.24628,
          0.29487,
          0.27264,
          0.25873,
          0.26877,
          0.26184,
          0.32053,
          0.32445,
          0.29129,
          0.29563,
          0.32864,
          0.31392,
          0.33167,
          0.30647,
          0.28092,
          0.29687
        ],
        [
          0.24914,
          0.25154,
          0.24396,
          0.24664,
          0.2445,
          0.2445,
          0.07755,
          0.08368,
          0.0,
          0.05448,
          0.22357,
          0.20554,
          0.22236,
          0.20957,
          0.24006,
          0.29004,
          0.26748,
          0.25598,
          0.26436,
          0.25635,
          0.31297,
          0.31631,
          0.2828,
          0.28696,
          0.31973,
          0.30569,
          0.32298,
          0.29808,
          0.27316,
          0.28848
        ],
        [
          0.24112,
          0.24327,
          0.23521,
